0 4 0.4 2.22750

500000 4 0.4 2.25250

1000000 4 0.396 2.26010

1500000 4 0.394 2.25381

2000000 4 0.397 2.25189

2500000 4 0.408 2.18382

3000000 4 0.401 2.21945

3500000 4 0.398 2.24121

4000000 4 0.396 2.26263

4500000 4 0.399 2.24812

5000000 4 0.41 2.19465

5500000 4 0.397 2.23929

6000000 4 0.396 2.24495

6500000 4 0.396 2.26448

7000000 4 0.408 2.17157

7500000 4 0.408 2.20343

8000000 4 0.395 2.26448

8500000 4 0.394 2.26904

9000000 4 0.395 2.26263

9500000 4 0.404 2.20792

10000000 4 0.401 2.28678

