0 4 0.905 1.00111

500000 4 0.91 1.00110

1000000 4 0.944 .98657

1500000 4 0.917 1.00327

2000000 4 0.922 1.03362

2500000 4 0.917 .99891

3000000 4 0.911 1.00329

3500000 4 0.908 .99780

4000000 4 0.917 1.00000

4500000 4 0.916 1.00000

5000000 4 0.92 1.00000

5500000 4 0.92 1.00109

6000000 4 0.914 1.00000

6500000 4 0.916 1.00000

7000000 4 0.916 1.00000

7500000 4 0.913 1.00110

8000000 4 0.912 .99890

8500000 4 0.918 1.00109

9000000 4 0.921 1.00543

9500000 4 0.912 1.00000

10000000 4 0.911 1.00000

